107
108
106
109
113
105
110
114
111
115
51
53
109
113
105
110
114
112
116
117
122
118
123
129
130
128
37
43
41
39
131
135
127
132
136
134
138
131
135
127
132
136
133
137
139
143
127
140
144
141
145
37
43
41
39
139
143
127
140
144
142
146
42
47
49
45
147
152
149
154
48
43
46
41
44
39
150
155
127
151
156
36
147
152
148
153
163
164
158
165
160
166
162
167
171
159
168
172
169
173
59
69
63
67
65
61
167
171
159
168
172
170
174
77
73
71
75
175
183
177
185
157
70
178
186
179
187
175
183
176
184
77
73
71
75
37
43
41
39
175
183
177
185
157
70
178
186
180
188
72
63
74
67
70
61
76
69
42
65
181
189
159
182
190
